# 002051live_201703081350.jpg OutputContourData Alarm markder(s)=2
30 89
31 89
32 90
33 90
34 90
35 90
36 90
37 90
38 90
39 90
40 90
41 90
42 90
43 90
44 90
45 90
46 90
47 90
48 90
49 90
50 90
51 90
52 89
53 89
54 89
55 89
56 89
57 89
58 89
59 89
60 89
61 89
62 89
63 89
64 90
65 90
66 90
67 90
68 90
69 90
70 90
71 90
72 90
73 91
74 91
75 91
76 92
77 92
78 92
79 93
80 93
81 93
82 93
83 93
84 93
85 93
86 93
87 93
88 93
89 93
90 93
91 93
92 93
93 94
92 95
91 95
92 95
93 95
94 96
95 96
96 95
97 95
98 95
99 94
100 94
101 94
102 94
103 93
104 93
105 93
106 93
107 93
108 93
109 93
110 93
111 92
112 91
113 91
114 91
115 91
116 91
117 91
118 91
119 91
120 92
120 93
120 94
120 95
120 96
120 97
120 98
120 99
120 100
120 101
120 102
120 103
120 104
120 105
120 106
120 107
120 108
120 109
120 110
120 111
120 112
120 113
120 114
120 115
120 116
120 117
120 118
120 119
120 120
120 121
120 122
120 123
120 124
119 125
118 125
117 125
116 125
115 125
114 125
113 125
112 125
111 125
110 125
109 125
108 125
107 125
106 125
105 125
104 125
103 125
102 125
101 125
100 125
99 125
100 125
101 125
102 125
103 125
104 125
105 125
106 125
107 125
108 125
109 125
110 125
111 125
112 125
113 125
114 125
115 125
116 125
117 125
118 125
119 125
120 126
120 127
120 128
120 129
120 130
120 131
120 132
120 133
120 134
120 135
120 136
120 137
120 138
120 139
120 140
120 141
120 142
120 143
120 144
120 145
120 146
120 147
120 148
120 149
120 150
120 151
120 152
120 153
120 154
120 155
120 156
120 157
120 158
120 159
120 160
120 161
120 162
120 163
120 164
120 165
120 166
120 167
120 168
120 169
120 170
120 171
120 172
120 173
120 174
120 175
120 176
120 177
120 178
120 179
120 180
120 181
120 182
120 183
120 184
120 185
120 186
120 187
120 188
120 189
120 190
120 191
120 192
120 193
120 194
120 195
120 196
120 197
120 198
120 199
119 200
118 200
117 200
116 200
115 200
114 200
113 200
112 200
111 200
110 200
109 200
108 200
107 200
106 200
105 200
104 200
103 200
102 200
101 200
100 200
99 200
98 200
97 200
96 200
95 200
94 200
93 200
92 200
91 200
90 200
89 200
88 199
89 198
90 197
90 196
90 195
90 194
90 193
90 192
90 193
90 194
90 195
89 196
89 197
88 198
87 199
86 200
85 200
84 200
83 200
82 200
81 200
80 200
79 200
78 200
77 200
76 200
75 200
74 200
73 200
72 200
71 200
70 200
69 200
68 200
67 200
66 200
65 200
64 200
63 200
62 200
61 200
60 199
59 198
58 197
57 196
57 195
57 194
57 193
57 192
57 191
57 190
57 189
57 188
57 187
57 186
56 185
55 185
55 186
55 187
55 188
55 189
55 190
55 191
55 192
55 193
55 194
55 195
56 196
56 197
56 198
57 199
56 200
55 200
54 200
53 200
52 200
51 200
50 200
49 200
48 200
47 200
46 200
45 200
44 200
43 200
42 200
41 200
40 200
39 200
38 200
37 200
36 200
35 200
34 200
33 200
32 200
31 200
30 200
29 199
29 198
29 197
29 196
29 195
29 194
29 193
29 192
29 191
29 190
29 189
29 188
29 187
29 186
29 185
29 184
29 183
29 182
29 181
29 180
29 179
29 178
29 177
29 176
29 175
29 174
29 173
29 172
29 171
29 170
29 169
29 168
29 167
29 166
29 165
29 164
29 163
30 162
31 162
32 162
33 163
34 164
35 164
34 163
33 162
32 162
31 161
30 160
29 159
29 158
29 157
29 156
29 155
29 154
29 153
29 152
29 151
29 150
29 149
29 148
29 147
29 146
29 145
29 144
29 143
29 142
29 141
29 140
29 139
29 138
29 137
29 136
29 135
29 134
29 133
29 132
29 131
29 130
29 129
29 128
29 127
29 126
29 125
29 124
29 123
29 122
29 121
29 120
29 119
29 118
29 117
29 116
29 115
29 114
29 113
29 112
29 111
29 110
29 109
29 108
29 107
29 106
29 105
29 104
29 103
29 102
29 101
29 100
29 99
29 98
29 97
29 96
29 95
29 94
29 93
29 92
30 91
29 90
30 89
